-0.0058794647691756624
-0.009332894973750592
-0.007286102168821186
-0.007094251784709196
-0.011962862397251245
-0.01521946436139212
-0.019590489688884365
-0.01935451669594845
-0.011836114565430027
-0.005661045269586036
0.0022882625019567883
0.00020484726387966316
-0.0005958838203677758
-0.0008549532447010842
-0.0020986056623747526
-0.00020355271300952522
0.007187454310252587
0.012308214664500673
0.02557191575040326
0.049300658191273036
0.09308690982164314
0.17620058432841318
0.3360405833889388
0.5964611643703208
0.8325352298791246
1.0
0.8649208189244568
0.8075312212663984
0.7450501961329331
0.6885804950215607
0.637506661735662
0.5895516069801917
0.5463557630145233
0.5043263247941729
0.4745065766703122
0.44276965007884117
0.4262562307516775
0.40315332146281513
0.3888234909529674
0.36421861497677177
0.3423014937365291
0.320607605464786
0.30513388514797113
0.28864186186991203
0.26968708912618583
0.25486711699879083
0.24191102072063786
0.22408883614929764
0.2110556164893458
0.20905867416713
0.20537830200307006
0.20251158588353302
0.19892096410936308
0.18697562438281848
0.17865260237833566
0.16887362161347627
0.15907073275437225
0.15457478840501834
0.1457675016329705
0.13999607535327854
0.1307412387147332
0.12456265563795617
0.12181410838217198
0.11683051391198566
0.12075395855034096
0.12166116644365733
0.11883022513467383
0.1096043977372544
0.10839775303572594
0.10392962098165281
0.0984624603904034
0.09321771083059316
0.09349204259871682
0.08148488806812305
0.07665523213513772
0.07611607738325785
0.07668418486809055
0.0766490624700779
0.08238491428637426
0.08447458652032369
0.08199744288188561
0.07585854395380617
0.07505053358946749
0.07017578927161207
0.0685862914244527
0.06115292895704658
0.05983298536884748
0.058067253941723865
0.05299482862373429
0.049161041907349885
0.05197447081983974
0.05661205033602165
0.059271366049685296
0.06129688609607009
0.058204871891168936
0.054181803343986215
0.049710892115228125
0.049933046291336006
0.04725079853368701
0.04753604151628739
0.04144757356397059
0.03977460800832691
0.03654896738583033
0.03926233573542907
0.038224331970268935
0.04542058100706774
0.04889122051884502
0.04755301451658481
0.046491071834540376
0.04193188456549485
0.040312411701163856
0.03918426712601034
0.03730000723766958
0.03874864562110181
0.030871211108384835
0.02550423437058549
0.028439890461064432
0.02821721230008057
0.034128424388214444
0.03877017009787111
0.04304261434918101
0.039687785769215035
0.04041096709181311
0.03303736458580512
0.0346529948943787
0.03161298361986806
0.03160975751690596
0.025821183575291357
0.023435963322846375
0.02124118075019084
0.02133595523036238
0.020967840443646305
0.02765626080478009
0.029164145438947735
0.033098742735790936
0.030423969468284944
0.02879848618919967
0.028330290291165898
0.028058475705289725
0.02380703708297997
0.02067211776352551
0.020822064768876616
0.012825125744683325
0.015838311048384988
0.013973371818070379
0.01641443755666327
0.023028970913173148
0.028523193782136635
0.02593056284960484
0.026147004563142808
